"","bmi","pa","fv"
"bmi",1,-0.111,-0.017
"pa",-0.111,1,0.073
"fv",-0.017,0.073,1
